1331 0.05  1 2
	2112
	321
1331 0.05  1 2
	2212
	311
-1331 0.05  1 2
	-2112
	-321
-1331 0.05  1 2
	-2212
	-311
1531 0.02  0.5 2
	3312
	-211
1531 0.02  0.5 2
	3112
	-321
1431 0.02  0.5 2
	3322
	211
1431 0.02  0.5 2
	3222
	-311
-1431 0.02  0.5 2
	-3312
	211
-1431 0.02  0.5 2
	-3112
	321
-1531 0.02  0.5 2
	-3322
	-211
-1531 0.02  0.5 2
	-3222
	311
9297 0.4  0.1 2
	2212
	211
9297 0.4  0.2 2
	2214
	211
9297 0.4  0.2 2
	2224
	111
9297 0.4  0.7 2
	2212
	213
9298 0.4  0.2 2
	2224
	-211
9298 0.4  0.2 2
	2114
	211
9298 0.4  0.2 2
	2214
	111
9298 0.4  0.1 2
	2112
	211
9298 0.4  0.1 2
	2212
	111
9298 0.4  0.7 2
	2112
	213
9298 0.4  0.7 2
	2212
	113
9299 0.4  0.2 2
	2214
	-211
9299 0.4  0.2 2
	1114
	211
9299 0.4  0.2 2
	2114
	111
9299 0.4  0.1 2
	2212
	-211
9299 0.4  0.1 2
	2112
	111
9299 0.4  0.7 2
	2212
	-213
9299 0.4  0.7 2
	2112
	113
9300 0.4  0.2 2
	2114
	-211
9300 0.4  0.2 2
	1114
	111
9300 0.4  0.1 2
	2112
	-211
9300 0.4  0.7 2
	2112
	-213
-9297 0.4  0.1 2
	-2212
	-211
-9297 0.4  0.2 2
	-2214
	-211
-9297 0.4  0.2 2
	-2224
	111
-9297 0.4  0.7 2
	-2212
	-213
-9298 0.4  0.2 2
	-2224
	211
-9298 0.4  0.2 2
	-2114
	-211
-9298 0.4  0.2 2
	-2214
	111
-9298 0.4  0.1 2
	-2112
	-211
-9298 0.4  0.1 2
	-2212
	111
-9298 0.4  0.7 2
	-2112
	-213
-9298 0.4  0.7 2
	-2212
	113
-9299 0.4  0.2 2
	-2214
	211
-9299 0.4  0.2 2
	-1114
	-211
-9299 0.4  0.2 2
	-2114
	111
-9299 0.4  0.1 2
	-2212
	211
-9299 0.4  0.1 2
	-2112
	111
-9299 0.4  0.7 2
	-2212
	213
-9299 0.4  0.7 2
	-2112
	113
-9300 0.4  0.2 2
	-2114
	211
-9300 0.4  0.2 2
	-1114
	111
-9300 0.4  0.1 2
	-2112
	211
-9300 0.4  0.7 2
	-2112
	213
40225 0.319  1 2
	333
	333
30225 0.149  1 2
	333
	333
9000 0.055  1 2
	3322
	-321
-9000 0.055  1 2
	-3322
	321
9401 0.65  1 2
	211
	2112
9401 0.65  1 2
	111
	2212
-9401 0.65  1 2
	-211
	-2112
-9401 0.65  1 2
	111
	-2212
9400 0.65  1 2
	-211
	2212
9400 0.65  1 2
	111
	2112
-9400 0.65  1 2
	211
	-2212
-9400 0.65  1 2
	111
	-2112
4028 0.1  0.1 2
	-311
	2212
4028 0.1  0.45 2
	3122
	211
4028 0.1  0 2
	3124
	211
4028 0.1  0 2
	111
	3224
4028 0.1  0 2
	211
	3214
4028 0.1  0.45 2
	111
	3222
4028 0.1  0.45 2
	211
	3212
4028 0.1  0 2
	2224
	-321
4028 0.1  0 2
	2214
	-311
4028 0.1  0 2
	-313
	2212
4028 0.1  0 2
	321
	3322
4228 0.1  0.1 2
	-311
	2112
4228 0.1  0.1 2
	-321
	2212
4228 0.1  0.45 2
	3122
	111
4228 0.1  0 2
	3124
	111
4228 0.1  0 2
	211
	3114
4228 0.1  0 2
	-211
	3224
4228 0.1  0.45 2
	211
	3112
4228 0.1  0.45 2
	-211
	3222
4228 0.1  0 2
	2214
	-321
4228 0.1  0 2
	2114
	-311
4228 0.1  0 2
	-313
	2112
4228 0.1  0 2
	-323
	2212
4228 0.1  0 2
	321
	3312
4228 0.1  0 2
	311
	3322
4128 0.1  0.1 2
	-321
	2112
4128 0.1  0.45 2
	3122
	-211
4128 0.1  0 2
	3124
	-211
4128 0.1  0 2
	111
	3114
4128 0.1  0 2
	-211
	3214
4128 0.1  0.45 2
	111
	3112
4128 0.1  0.45 2
	-211
	3212
4128 0.1  0 2
	2114
	-321
4128 0.1  0 2
	1114
	-311
4128 0.1  0 2
	-323
	2112
4128 0.1  0 2
	311
	3312
-4028 0.1  0.1 2
	311
	-2212
-4028 0.1  0.45 2
	-3122
	-211
-4028 0.1  0 2
	-3124
	-211
-4028 0.1  0 2
	111
	-3224
-4028 0.1  0 2
	-211
	-3214
-4028 0.1  0.45 2
	111
	-3222
-4028 0.1  0.45 2
	-211
	-3212
-4028 0.1  0 2
	-2224
	321
-4028 0.1  0 2
	-2214
	311
-4028 0.1  0 2
	313
	-2212
-4028 0.1  0 2
	-321
	-3322
-4228 0.1  0.1 2
	311
	-2112
-4228 0.1  0.1 2
	321
	-2212
-4228 0.1  0.45 2
	-3122
	111
-4228 0.1  0 2
	-3124
	111
-4228 0.1  0 2
	-211
	-3114
-4228 0.1  0 2
	211
	-3224
-4228 0.1  0.45 2
	-211
	-3112
-4228 0.1  0.45 2
	211
	-3222
-4228 0.1  0 2
	-2214
	321
-4228 0.1  0 2
	-2114
	311
-4228 0.1  0 2
	313
	-2112
-4228 0.1  0 2
	323
	-2212
-4228 0.1  0 2
	-321
	-3312
-4228 0.1  0 2
	-311
	-3322
-4128 0.1  0.1 2
	321
	-2112
-4128 0.1  0.45 2
	-3122
	211
-4128 0.1  0 2
	-3124
	211
-4128 0.1  0 2
	111
	-3114
-4128 0.1  0 2
	211
	-3214
-4128 0.1  0.45 2
	111
	-3112
-4128 0.1  0.45 2
	211
	-3212
-4128 0.1  0 2
	-2114
	321
-4128 0.1  0 2
	-1114
	311
-4128 0.1  0 2
	323
	-2112
-4128 0.1  0 2
	-311
	-3312
5128 0.4  1 2
	211
	2112
5128 0.4  1 2
	111
	2212
-5128 0.4  1 2
	-211
	-2112
-5128 0.4  1 2
	111
	-2212
5218 0.4  1 2
	-211
	2212
5218 0.4  1 2
	111
	2112
-5218 0.4  1 2
	211
	-2212
-5218 0.4  1 2
	111
	-2112
3128 0.4  1 2
	211
	2112
3128 0.4  1 2
	111
	2212
-3128 0.4  1 2
	-211
	-2112
-3128 0.4  1 2
	111
	-2212
3218 0.4  1 2
	-211
	2212
3218 0.4  1 2
	111
	2112
-3218 0.4  1 2
	211
	-2212
-3218 0.4  1 2
	111
	-2112
1218 0.45  1 2
	211
	2112
1218 0.45  1 2
	111
	2212
-1218 0.45  1 2
	-211
	-2112
-1218 0.45  1 2
	111
	-2212
2128 0.45  1 2
	-211
	2212
2128 0.45  1 2
	111
	2112
-2128 0.45  1 2
	211
	-2212
-2128 0.45  1 2
	111
	-2112
3128 0.2  0.2 2
	-311
	2112
3128 0.2  0.2 2
	-321
	2212
3128 0.2  0.5 2
	-313
	2112
3128 0.2  0.5 2
	-323
	2212
3128 0.2  0.3 2
	211
	3112
3128 0.2  0.3 2
	-211
	3222
3128 0.2  0.3 2
	111
	3212
-3128 0.2  0.2 2
	311
	-2112
-3128 0.2  0.2 2
	321
	-2212
-3128 0.2  0.5 2
	313
	-2112
-3128 0.2  0.5 2
	323
	-2212
-3128 0.2  0.3 2
	-211
	-3112
-3128 0.2  0.3 2
	211
	-3222
-3128 0.2  0.3 2
	111
	-3212
219 0.361  0.3333 2
	321
	-311
219 0.361  0.3333 3
	211
	211
	-211
219 0.361  0.33 2
	211
	221
-219 0.361  0.3333 2
	-321
	311
-219 0.361  0.3333 3
	-211
	211
	-211
-219 0.361  0.33 2
	-211
	221
119 0.361  0.1667 2
	321
	-321
119 0.361  0.1667 2
	311
	-311
119 0.361  0.3333 3
	111
	211
	-211
119 0.361  0.3333 2
	111
	221
-8901 0.02  0.2 2
	-311
	3122
-8901 0.02  0.8 2
	-321
	3222
-8901 0.02  0.8 2
	-311
	3212
8901 0.02  0.2 2
	-321
	3122
8901 0.02  0.8 2
	-311
	3112
8901 0.02  0.8 2
	-321
	3212
-8900 0.02  0.2 2
	311
	-3122
-8900 0.02  0.8 2
	321
	-3222
-8900 0.02  0.8 2
	311
	-3212
8900 0.02  0.2 2
	321
	-3122
8900 0.02  0.8 2
	311
	-3112
8900 0.02  0.8 2
	321
	-3212
3118 0.18  0.23 2
	-311
	2212
3118 0.18  0.22 2
	3122
	211
3118 0.18  0.16 2
	3124
	211
3118 0.18  0.11 2
	111
	3224
3118 0.18  0.11 2
	211
	3214
3118 0.18  0.08 2
	111
	3222
3118 0.18  0.08 2
	211
	3212
3118 0.18  0.16 2
	2224
	-321
3118 0.18  0.16 2
	2214
	-311
3118 0.18  0.03 2
	-313
	2212
3118 0.18  0.01 2
	321
	3322
3228 0.18  0.23 2
	-311
	2112
3228 0.18  0.23 2
	-321
	2212
3228 0.18  0.22 2
	3122
	111
3228 0.18  0.16 2
	3124
	111
3228 0.18  0.11 2
	211
	3114
3228 0.18  0.11 2
	-211
	3224
3228 0.18  0.08 2
	211
	3112
3228 0.18  0.08 2
	-211
	3222
3228 0.18  0.16 2
	2214
	-321
3228 0.18  0.16 2
	2114
	-311
3228 0.18  0.03 2
	-313
	2112
3228 0.18  0.03 2
	-323
	2212
3228 0.18  0.01 2
	321
	3312
3228 0.18  0.01 2
	311
	3322
3218 0.18  0.23 2
	-321
	2112
3218 0.18  0.22 2
	3122
	-211
3218 0.18  0.16 2
	3124
	-211
3218 0.18  0.11 2
	111
	3114
3218 0.18  0.11 2
	-211
	3214
3218 0.18  0.08 2
	111
	3112
3218 0.18  0.08 2
	-211
	3212
3218 0.18  0.16 2
	2114
	-321
3218 0.18  0.16 2
	1114
	-311
3218 0.18  0.03 2
	-323
	2112
3218 0.18  0.01 2
	311
	3312
-3118 0.18  0.23 2
	311
	-2212
-3118 0.18  0.22 2
	-3122
	-211
-3118 0.18  0.16 2
	-3124
	-211
-3118 0.18  0.11 2
	111
	-3224
-3118 0.18  0.11 2
	-211
	-3214
-3118 0.18  0.08 2
	111
	-3222
-3118 0.18  0.08 2
	-211
	-3212
-3118 0.18  0.16 2
	-2224
	321
-3118 0.18  0.16 2
	-2214
	311
-3118 0.18  0.03 2
	313
	-2212
-3118 0.18  0.01 2
	-321
	-3322
-3228 0.18  0.23 2
	311
	-2112
-3228 0.18  0.23 2
	321
	-2212
-3228 0.18  0.22 2
	-3122
	111
-3228 0.18  0.16 2
	-3124
	111
-3228 0.18  0.11 2
	-211
	-3114
-3228 0.18  0.11 2
	211
	-3224
-3228 0.18  0.08 2
	-211
	-3112
-3228 0.18  0.08 2
	211
	-3222
-3228 0.18  0.16 2
	-2214
	321
-3228 0.18  0.16 2
	-2114
	311
-3228 0.18  0.03 2
	313
	-2112
-3228 0.18  0.03 2
	323
	-2212
-3228 0.18  0.01 2
	-321
	-3312
-3228 0.18  0.01 2
	-311
	-3322
-3218 0.18  0.23 2
	321
	-2112
-3218 0.18  0.22 2
	-3122
	211
-3218 0.18  0.16 2
	-3124
	211
-3218 0.18  0.11 2
	111
	-3114
-3218 0.18  0.11 2
	211
	-3214
-3218 0.18  0.08 2
	111
	-3112
-3218 0.18  0.08 2
	211
	-3212
-3218 0.18  0.16 2
	-2114
	321
-3218 0.18  0.16 2
	-1114
	311
-3218 0.18  0.03 2
	323
	-2112
-3218 0.18  0.01 2
	-311
	-3312
20225 0.202  1 2
	333
	333
1118 0.3  0.5 2
	2212
	211
1118 0.3  0.4 2
	2214
	211
1118 0.3  0.4 2
	2224
	111
1118 0.3  0.1 2
	2212
	213
2118 0.3  0.4 2
	2224
	-211
2118 0.3  0.4 2
	2114
	211
2118 0.3  0.4 2
	2214
	111
2118 0.3  0.5 2
	2112
	211
2118 0.3  0.5 2
	2212
	111
2118 0.3  0.1 2
	2112
	213
2118 0.3  0.1 2
	2212
	113
2218 0.3  0.4 2
	2214
	-211
2218 0.3  0.4 2
	1114
	211
2218 0.3  0.4 2
	2114
	111
2218 0.3  0.5 2
	2212
	-211
2218 0.3  0.5 2
	2112
	111
2218 0.3  0.1 2
	2212
	-213
2218 0.3  0.1 2
	2112
	113
2228 0.3  0.4 2
	2114
	-211
2228 0.3  0.4 2
	1114
	111
2228 0.3  0.5 2
	2112
	-211
2228 0.3  0.1 2
	2112
	-213
-1118 0.3  0.5 2
	-2212
	-211
-1118 0.3  0.4 2
	-2214
	-211
-1118 0.3  0.4 2
	-2224
	111
-1118 0.3  0.1 2
	-2212
	-213
-2118 0.3  0.4 2
	-2224
	211
-2118 0.3  0.4 2
	-2114
	-211
-2118 0.3  0.4 2
	-2214
	111
-2118 0.3  0.5 2
	-2112
	-211
-2118 0.3  0.5 2
	-2212
	111
-2118 0.3  0.1 2
	-2112
	-213
-2118 0.3  0.1 2
	-2212
	113
-2218 0.3  0.4 2
	-2214
	211
-2218 0.3  0.4 2
	-1114
	-211
-2218 0.3  0.4 2
	-2114
	111
-2218 0.3  0.5 2
	-2212
	211
-2218 0.3  0.5 2
	-2112
	111
-2218 0.3  0.1 2
	-2212
	213
-2218 0.3  0.1 2
	-2112
	113
-2228 0.3  0.4 2
	-2114
	211
-2228 0.3  0.4 2
	-1114
	111
-2228 0.3  0.5 2
	-2112
	211
-2228 0.3  0.1 2
	-2112
	213
67000 0.06  0.5 2
	-311
	3122
67000 0.06  0.5 2
	211
	3312
67000 0.06  0.5 2
	111
	3322
67001 0.06  0.5 2
	-321
	3122
67001 0.06  0.5 2
	111
	3312
67001 0.06  0.5 2
	-211
	3322
-67000 0.06  0.5 2
	311
	-3122
-67000 0.06  0.5 2
	-211
	-3312
-67000 0.06  0.5 2
	111
	-3322
-67001 0.06  0.5 2
	321
	-3122
-67001 0.06  0.5 2
	111
	-3312
-67001 0.06  0.5 2
	211
	-3322
23114 0.22  0.1 2
	-311
	2212
23114 0.22  0.15 2
	3122
	211
23114 0.22  0.15 2
	3124
	211
23114 0.22  0.15 2
	111
	3224
23114 0.22  0.15 2
	211
	3214
23114 0.22  0.15 2
	111
	3222
23114 0.22  0.15 2
	211
	3212
23114 0.22  0.15 2
	2224
	-321
23114 0.22  0.15 2
	2214
	-311
23114 0.22  0.15 2
	-313
	2212
23224 0.22  0.1 2
	-311
	2112
23224 0.22  0.1 2
	-321
	2212
23224 0.22  0.15 2
	3122
	111
23224 0.22  0.15 2
	3124
	111
23224 0.22  0.15 2
	211
	3114
23224 0.22  0.15 2
	-211
	3224
23224 0.22  0.15 2
	211
	3112
23224 0.22  0.15 2
	-211
	3222
23224 0.22  0.15 2
	2214
	-321
23224 0.22  0.15 2
	2114
	-311
23224 0.22  0.15 2
	-313
	2112
23224 0.22  0.15 2
	-323
	2212
23214 0.22  0.1 2
	-321
	2112
23214 0.22  0.15 2
	3122
	-211
23214 0.22  0.15 2
	3124
	-211
23214 0.22  0.15 2
	111
	3114
23214 0.22  0.15 2
	-211
	3214
23214 0.22  0.15 2
	111
	3112
23214 0.22  0.15 2
	-211
	3212
23214 0.22  0.15 2
	2114
	-321
23214 0.22  0.15 2
	1114
	-311
23214 0.22  0.15 2
	-323
	2112
-23114 0.22  0.1 2
	311
	-2212
-23114 0.22  0.15 2
	-3122
	-211
-23114 0.22  0.15 2
	-3124
	-211
-23114 0.22  0.15 2
	111
	-3224
-23114 0.22  0.15 2
	-211
	-3214
-23114 0.22  0.15 2
	111
	-3222
-23114 0.22  0.15 2
	-211
	-3212
-23114 0.22  0.15 2
	-2224
	321
-23114 0.22  0.15 2
	-2214
	311
-23114 0.22  0.15 2
	313
	-2212
-23224 0.22  0.1 2
	311
	-2112
-23224 0.22  0.1 2
	321
	-2212
-23224 0.22  0.15 2
	-3122
	111
-23224 0.22  0.15 2
	-3124
	111
-23224 0.22  0.15 2
	-211
	-3114
-23224 0.22  0.15 2
	211
	-3224
-23224 0.22  0.15 2
	-211
	-3112
-23224 0.22  0.15 2
	211
	-3222
-23224 0.22  0.15 2
	-2214
	321
-23224 0.22  0.15 2
	-2114
	311
-23224 0.22  0.15 2
	313
	-2112
-23224 0.22  0.15 2
	323
	-2212
-23214 0.22  0.1 2
	321
	-2112
-23214 0.22  0.15 2
	-3122
	211
-23214 0.22  0.15 2
	-3124
	211
-23214 0.22  0.15 2
	111
	-3114
-23214 0.22  0.15 2
	211
	-3214
-23214 0.22  0.15 2
	111
	-3112
-23214 0.22  0.15 2
	211
	-3212
-23214 0.22  0.15 2
	-2114
	321
-23214 0.22  0.15 2
	-1114
	311
-23214 0.22  0.15 2
	323
	-2112
11116 0.35  0.1 2
	2212
	211
11116 0.35  0.2 2
	2214
	211
11116 0.35  0.2 2
	2224
	111
11116 0.35  0.7 2
	2212
	213
11216 0.35  0.2 2
	2224
	-211
11216 0.35  0.2 2
	2114
	211
11216 0.35  0.2 2
	2214
	111
11216 0.35  0.1 2
	2112
	211
11216 0.35  0.1 2
	2212
	111
11216 0.35  0.7 2
	2112
	213
11216 0.35  0.7 2
	2212
	113
12126 0.35  0.2 2
	2214
	-211
12126 0.35  0.2 2
	1114
	211
12126 0.35  0.2 2
	2114
	111
12126 0.35  0.1 2
	2212
	-211
12126 0.35  0.1 2
	2112
	111
12126 0.35  0.7 2
	2212
	-213
12126 0.35  0.7 2
	2112
	113
12226 0.35  0.2 2
	2114
	-211
12226 0.35  0.2 2
	1114
	111
12226 0.35  0.1 2
	2112
	-211
12226 0.35  0.7 2
	2112
	-213
-11116 0.35  0.1 2
	-2212
	-211
-11116 0.35  0.2 2
	-2214
	-211
-11116 0.35  0.2 2
	-2224
	111
-11116 0.35  0.7 2
	-2212
	-213
-11216 0.35  0.2 2
	-2224
	211
-11216 0.35  0.2 2
	-2114
	-211
-11216 0.35  0.2 2
	-2214
	111
-11216 0.35  0.1 2
	-2112
	-211
-11216 0.35  0.1 2
	-2212
	111
-11216 0.35  0.7 2
	-2112
	-213
-11216 0.35  0.7 2
	-2212
	113
-12126 0.35  0.2 2
	-2214
	211
-12126 0.35  0.2 2
	-1114
	-211
-12126 0.35  0.2 2
	-2114
	111
-12126 0.35  0.1 2
	-2212
	211
-12126 0.35  0.1 2
	-2112
	111
-12126 0.35  0.7 2
	-2212
	213
-12126 0.35  0.7 2
	-2112
	113
-12226 0.35  0.2 2
	-2114
	211
-12226 0.35  0.2 2
	-1114
	111
-12226 0.35  0.1 2
	-2112
	211
-12226 0.35  0.7 2
	-2112
	213
21114 0.2  0.1 2
	2212
	211
21114 0.2  0.2 2
	2214
	211
21114 0.2  0.2 2
	2224
	111
21114 0.2  0.7 2
	2212
	213
22114 0.2  0.2 2
	2224
	-211
22114 0.2  0.2 2
	2114
	211
22114 0.2  0.2 2
	2214
	111
22114 0.2  0.1 2
	2112
	211
22114 0.2  0.1 2
	2212
	111
22114 0.2  0.7 2
	2112
	213
22114 0.2  0.7 2
	2212
	113
22214 0.2  0.2 2
	2214
	-211
22214 0.2  0.2 2
	1114
	211
22214 0.2  0.2 2
	2114
	111
22214 0.2  0.1 2
	2212
	-211
22214 0.2  0.1 2
	2112
	111
22214 0.2  0.7 2
	2212
	-213
22214 0.2  0.7 2
	2112
	113
22224 0.2  0.2 2
	2114
	-211
22224 0.2  0.2 2
	1114
	111
22224 0.2  0.1 2
	2112
	-211
22224 0.2  0.7 2
	2112
	-213
-21114 0.2  0.1 2
	-2212
	-211
-21114 0.2  0.2 2
	-2214
	-211
-21114 0.2  0.2 2
	-2224
	111
-21114 0.2  0.7 2
	-2212
	-213
-22114 0.2  0.2 2
	-2224
	211
-22114 0.2  0.2 2
	-2114
	-211
-22114 0.2  0.2 2
	-2214
	111
-22114 0.2  0.1 2
	-2112
	-211
-22114 0.2  0.1 2
	-2212
	111
-22114 0.2  0.7 2
	-2112
	-213
-22114 0.2  0.7 2
	-2212
	113
-22214 0.2  0.2 2
	-2214
	211
-22214 0.2  0.2 2
	-1114
	-211
-22214 0.2  0.2 2
	-2114
	111
-22214 0.2  0.1 2
	-2212
	211
-22214 0.2  0.1 2
	-2112
	111
-22214 0.2  0.7 2
	-2212
	213
-22214 0.2  0.7 2
	-2112
	113
-22224 0.2  0.2 2
	-2114
	211
-22224 0.2  0.2 2
	-1114
	111
-22224 0.2  0.1 2
	-2112
	211
-22224 0.2  0.7 2
	-2112
	213
13116 0.12  0.1 2
	-311
	2212
13116 0.12  0.4375 2
	3122
	211
13116 0.12  0.025 2
	111
	3224
13116 0.12  0.025 2
	211
	3214
13116 0.12  0.4375 2
	111
	3222
13116 0.12  0.4375 2
	211
	3212
13226 0.12  0.1 2
	-311
	2112
13226 0.12  0.1 2
	-321
	2212
13226 0.12  0.4375 2
	3122
	111
13226 0.12  0.025 2
	211
	3114
13226 0.12  0.025 2
	-211
	3224
13226 0.12  0.4375 2
	211
	3112
13226 0.12  0.4375 2
	-211
	3222
13216 0.12  0.1 2
	-321
	2112
13216 0.12  0.4375 2
	3122
	-211
13216 0.12  0.025 2
	111
	3114
13216 0.12  0.025 2
	-211
	3214
13216 0.12  0.4375 2
	111
	3112
13216 0.12  0.4375 2
	-211
	3212
-13116 0.12  0.1 2
	311
	-2212
-13116 0.12  0.4375 2
	-3122
	-211
-13116 0.12  0.025 2
	111
	-3224
-13116 0.12  0.025 2
	-211
	-3214
-13116 0.12  0.4375 2
	111
	-3222
-13116 0.12  0.4375 2
	-211
	-3212
-13226 0.12  0.1 2
	311
	-2112
-13226 0.12  0.1 2
	321
	-2212
-13226 0.12  0.4375 2
	-3122
	111
-13226 0.12  0.025 2
	-211
	-3114
-13226 0.12  0.025 2
	211
	-3224
-13226 0.12  0.4375 2
	-211
	-3112
-13226 0.12  0.4375 2
	211
	-3222
-13216 0.12  0.1 2
	321
	-2112
-13216 0.12  0.4375 2
	-3122
	211
-13216 0.12  0.025 2
	111
	-3114
-13216 0.12  0.025 2
	211
	-3214
-13216 0.12  0.4375 2
	111
	-3112
-13216 0.12  0.4375 2
	211
	-3212
21112 0.25  0.2 2
	2212
	211
21112 0.25  0.2 2
	2214
	211
21112 0.25  0.2 2
	2224
	111
21112 0.25  0.6 2
	2212
	213
21212 0.25  0.2 2
	2224
	-211
21212 0.25  0.2 2
	2114
	211
21212 0.25  0.2 2
	2214
	111
21212 0.25  0.2 2
	2112
	211
21212 0.25  0.2 2
	2212
	111
21212 0.25  0.6 2
	2112
	213
21212 0.25  0.6 2
	2212
	113
22122 0.25  0.2 2
	2214
	-211
22122 0.25  0.2 2
	1114
	211
22122 0.25  0.2 2
	2114
	111
22122 0.25  0.2 2
	2212
	-211
22122 0.25  0.2 2
	2112
	111
22122 0.25  0.6 2
	2212
	-213
22122 0.25  0.6 2
	2112
	113
22222 0.25  0.2 2
	2114
	-211
22222 0.25  0.2 2
	1114
	111
22222 0.25  0.2 2
	2112
	-211
22222 0.25  0.6 2
	2112
	-213
-21112 0.25  0.2 2
	-2212
	-211
-21112 0.25  0.2 2
	-2214
	-211
-21112 0.25  0.2 2
	-2224
	111
-21112 0.25  0.6 2
	-2212
	-213
-21212 0.25  0.2 2
	-2224
	211
-21212 0.25  0.2 2
	-2114
	-211
-21212 0.25  0.2 2
	-2214
	111
-21212 0.25  0.2 2
	-2112
	-211
-21212 0.25  0.2 2
	-2212
	111
-21212 0.25  0.6 2
	-2112
	-213
-21212 0.25  0.6 2
	-2212
	113
-22122 0.25  0.2 2
	-2214
	211
-22122 0.25  0.2 2
	-1114
	-211
-22122 0.25  0.2 2
	-2114
	111
-22122 0.25  0.2 2
	-2212
	211
-22122 0.25  0.2 2
	-2112
	111
-22122 0.25  0.6 2
	-2212
	213
-22122 0.25  0.6 2
	-2112
	113
-22222 0.25  0.2 2
	-2114
	211
-22222 0.25  0.2 2
	-1114
	111
-22222 0.25  0.2 2
	-2112
	211
-22222 0.25  0.6 2
	-2112
	213
1116 0.35  0.1 2
	2212
	211
1116 0.35  0.2 2
	2214
	211
1116 0.35  0.2 2
	2224
	111
1116 0.35  0.7 2
	2212
	213
1216 0.35  0.2 2
	2224
	-211
1216 0.35  0.2 2
	2114
	211
1216 0.35  0.2 2
	2214
	111
1216 0.35  0.1 2
	2112
	211
1216 0.35  0.1 2
	2212
	111
1216 0.35  0.7 2
	2112
	213
1216 0.35  0.7 2
	2212
	113
2126 0.35  0.2 2
	2214
	-211
2126 0.35  0.2 2
	1114
	211
2126 0.35  0.2 2
	2114
	111
2126 0.35  0.1 2
	2212
	-211
2126 0.35  0.1 2
	2112
	111
2126 0.35  0.7 2
	2212
	-213
2126 0.35  0.7 2
	2112
	113
2226 0.35  0.2 2
	2114
	-211
2226 0.35  0.2 2
	1114
	111
2226 0.35  0.1 2
	2112
	-211
2226 0.35  0.7 2
	2112
	-213
-1116 0.35  0.1 2
	-2212
	-211
-1116 0.35  0.2 2
	-2214
	-211
-1116 0.35  0.2 2
	-2224
	111
-1116 0.35  0.7 2
	-2212
	-213
-1216 0.35  0.2 2
	-2224
	211
-1216 0.35  0.2 2
	-2114
	-211
-1216 0.35  0.2 2
	-2214
	111
-1216 0.35  0.1 2
	-2112
	-211
-1216 0.35  0.1 2
	-2212
	111
-1216 0.35  0.7 2
	-2112
	-213
-1216 0.35  0.7 2
	-2212
	113
-2126 0.35  0.2 2
	-2214
	211
-2126 0.35  0.2 2
	-1114
	-211
-2126 0.35  0.2 2
	-2114
	111
-2126 0.35  0.1 2
	-2212
	211
-2126 0.35  0.1 2
	-2112
	111
-2126 0.35  0.7 2
	-2212
	213
-2126 0.35  0.7 2
	-2112
	113
-2226 0.35  0.2 2
	-2114
	211
-2226 0.35  0.2 2
	-1114
	111
-2226 0.35  0.1 2
	-2112
	211
-2226 0.35  0.7 2
	-2112
	213
23124 0.1  0.275 2
	-311
	2112
23124 0.1  0.275 2
	-321
	2212
23124 0.1  0.33 2
	-313
	2112
23124 0.1  0.33 2
	-323
	2212
23124 0.1  0.33 2
	211
	3114
23124 0.1  0.33 2
	-211
	3224
23124 0.1  0.33 2
	111
	3214
23124 0.1  0.065 2
	211
	3112
23124 0.1  0.065 2
	-211
	3222
23124 0.1  0.065 2
	111
	3212
-23124 0.1  0.275 2
	311
	-2112
-23124 0.1  0.275 2
	321
	-2212
-23124 0.1  0.33 2
	313
	-2112
-23124 0.1  0.33 2
	323
	-2212
-23124 0.1  0.33 2
	-211
	-3114
-23124 0.1  0.33 2
	211
	-3224
-23124 0.1  0.33 2
	111
	-3214
-23124 0.1  0.065 2
	-211
	-3112
-23124 0.1  0.065 2
	211
	-3222
-23124 0.1  0.065 2
	111
	-3212
337 0.087  0.5 2
	311
	-311
337 0.087  0.5 2
	321
	-321
337 0.087  0.25 2
	311
	-313
337 0.087  0.25 2
	321
	-323
337 0.087  0.25 2
	313
	-311
337 0.087  0.25 2
	323
	-321
-13314 0.024  1 2
	-311
	3122
13314 0.024  1 2
	-321
	3122
13324 0.024  1 2
	321
	-3122
-13324 0.024  1 2
	311
	-3122
20315 0.276  0.25 2
	211
	10311
20315 0.276  0.25 2
	111
	10321
20315 0.276  0.25 2
	211
	313
20315 0.276  0.25 2
	111
	323
20315 0.276  0.25 2
	225
	321
20315 0.276  0.25 2
	223
	321
-20325 0.276  0.25 2
	-211
	10321
-20325 0.276  0.25 2
	111
	10311
-20325 0.276  0.25 2
	-211
	323
-20325 0.276  0.25 2
	111
	313
-20325 0.276  0.25 2
	225
	311
-20325 0.276  0.25 2
	223
	311
20325 0.276  0.25 2
	-211
	-10311
20325 0.276  0.25 2
	111
	-10321
20325 0.276  0.25 2
	-211
	-313
20325 0.276  0.25 2
	111
	-323
20325 0.276  0.25 2
	225
	-321
20325 0.276  0.25 2
	223
	-321
-20315 0.276  0.25 2
	211
	-10321
-20315 0.276  0.25 2
	111
	-10311
-20315 0.276  0.25 2
	211
	-323
-20315 0.276  0.25 2
	111
	-313
-20315 0.276  0.25 2
	225
	-311
-20315 0.276  0.25 2
	223
	-311
13126 0.95  0.0875 2
	-311
	2112
13126 0.95  0.0875 2
	-321
	2212
13126 0.95  0.3625 2
	211
	3114
13126 0.95  0.3625 2
	-211
	3224
13126 0.95  0.3625 2
	111
	3214
13126 0.95  0.55 2
	211
	3112
13126 0.95  0.55 2
	-211
	3222
13126 0.95  0.55 2
	111
	3212
-13126 0.95  0.0875 2
	311
	-2112
-13126 0.95  0.0875 2
	321
	-2212
-13126 0.95  0.3625 2
	-211
	-3114
-13126 0.95  0.3625 2
	211
	-3224
-13126 0.95  0.3625 2
	111
	-3214
-13126 0.95  0.55 2
	-211
	-3112
-13126 0.95  0.55 2
	211
	-3222
-13126 0.95  0.55 2
	111
	-3212
3126 0.8  0.7643 2
	-311
	2112
3126 0.8  0.7643 2
	-321
	2212
3126 0.8  0.0955 2
	211
	3114
3126 0.8  0.0955 2
	-211
	3224
3126 0.8  0.0955 2
	111
	3214
3126 0.8  0.1402 2
	211
	3112
3126 0.8  0.1402 2
	-211
	3222
3126 0.8  0.1402 2
	111
	3212
-3126 0.8  0.7643 2
	311
	-2112
-3126 0.8  0.7643 2
	321
	-2212
-3126 0.8  0.0955 2
	-211
	-3114
-3126 0.8  0.0955 2
	211
	-3224
-3126 0.8  0.0955 2
	111
	-3214
-3126 0.8  0.1402 2
	-211
	-3112
-3126 0.8  0.1402 2
	211
	-3222
-3126 0.8  0.1402 2
	111
	-3212
53122 0.15  0.35 2
	-311
	2112
53122 0.15  0.35 2
	-321
	2212
53122 0.15  0.4 2
	-313
	2112
53122 0.15  0.4 2
	-323
	2212
53122 0.15  0.25 2
	211
	3112
53122 0.15  0.25 2
	-211
	3222
53122 0.15  0.25 2
	111
	3212
-53122 0.15  0.35 2
	311
	-2112
-53122 0.15  0.35 2
	321
	-2212
-53122 0.15  0.4 2
	313
	-2112
-53122 0.15  0.4 2
	323
	-2212
-53122 0.15  0.25 2
	-211
	-3112
-53122 0.15  0.25 2
	211
	-3222
-53122 0.15  0.25 2
	111
	-3212
43122 0.3  0.325 2
	-311
	2112
43122 0.3  0.325 2
	-321
	2212
43122 0.3  0.225 2
	-313
	2112
43122 0.3  0.225 2
	-323
	2212
43122 0.3  0.225 2
	211
	3114
43122 0.3  0.225 2
	-211
	3224
43122 0.3  0.225 2
	111
	3214
43122 0.3  0.225 2
	211
	3112
43122 0.3  0.225 2
	-211
	3222
43122 0.3  0.225 2
	111
	3212
-43122 0.3  0.325 2
	311
	-2112
-43122 0.3  0.325 2
	321
	-2212
-43122 0.3  0.225 2
	313
	-2112
-43122 0.3  0.225 2
	323
	-2212
-43122 0.3  0.225 2
	-211
	-3114
-43122 0.3  0.225 2
	211
	-3224
-43122 0.3  0.225 2
	111
	-3214
-43122 0.3  0.225 2
	-211
	-3112
-43122 0.3  0.225 2
	211
	-3222
-43122 0.3  0.225 2
	111
	-3212
200111 0.21  0.2 2
	9010221
	211
200111 0.21  0.2 2
	10221
	211
200111 0.21  0.2 2
	9000211
	221
200111 0.21  0.2 2
	9000223
	211
200111 0.21  0.2 3
	221
	331
	211
-200111 0.21  0.2 2
	9010221
	-211
-200111 0.21  0.2 2
	10221
	-211
-200111 0.21  0.2 2
	-9000211
	221
-200111 0.21  0.2 2
	9000223
	-211
-200111 0.21  0.2 3
	221
	331
	-211
200211 0.21  0.2 2
	9010221
	111
200211 0.21  0.2 2
	10221
	111
200211 0.21  0.2 2
	9000111
	221
200211 0.21  0.2 2
	9000223
	111
200211 0.21  0.2 3
	221
	331
	111
-317 0.159  0.31 2
	213
	311
-317 0.159  0.31 2
	113
	321
-317 0.159  0.2 2
	211
	313
-317 0.159  0.2 2
	111
	323
-317 0.159  0.19 2
	211
	311
-317 0.159  0.19 2
	111
	321
-317 0.159  0.3 2
	321
	221
317 0.159  0.31 2
	-213
	321
317 0.159  0.31 2
	113
	311
317 0.159  0.2 2
	-211
	323
317 0.159  0.2 2
	111
	313
317 0.159  0.19 2
	-211
	321
317 0.159  0.19 2
	111
	311
317 0.159  0.3 2
	311
	221
-327 0.159  0.31 2
	-213
	-311
-327 0.159  0.31 2
	113
	-321
-327 0.159  0.2 2
	-211
	-313
-327 0.159  0.2 2
	111
	-323
-327 0.159  0.19 2
	-211
	-311
-327 0.159  0.19 2
	111
	-321
-327 0.159  0.3 2
	-321
	221
327 0.159  0.31 2
	213
	-321
327 0.159  0.31 2
	113
	-311
327 0.159  0.2 2
	211
	-323
327 0.159  0.2 2
	111
	-313
327 0.159  0.19 2
	211
	-321
327 0.159  0.19 2
	111
	-311
327 0.159  0.3 2
	-311
	221
-10315 0.186  1 2
	211
	10311
-10315 0.186  1 2
	111
	10321
10315 0.186  1 2
	-211
	10321
10315 0.186  1 2
	111
	10311
-10325 0.186  1 2
	-211
	-10311
-10325 0.186  1 2
	111
	-10321
10325 0.186  1 2
	211
	-10321
10325 0.186  1 2
	111
	-10311
3116 0.12  0.422 2
	-311
	2212
3116 0.12  0.1928 2
	3122
	211
3116 0.12  0.226 2
	3124
	211
3116 0.12  0.1155 2
	111
	3224
3116 0.12  0.1155 2
	211
	3214
3116 0.12  0.0437 2
	111
	3222
3116 0.12  0.0437 2
	211
	3212
3226 0.12  0.422 2
	-311
	2112
3226 0.12  0.422 2
	-321
	2212
3226 0.12  0.1928 2
	3122
	111
3226 0.12  0.226 2
	3124
	111
3226 0.12  0.1155 2
	211
	3114
3226 0.12  0.1155 2
	-211
	3224
3226 0.12  0.0437 2
	211
	3112
3226 0.12  0.0437 2
	-211
	3222
3216 0.12  0.422 2
	-321
	2112
3216 0.12  0.1928 2
	3122
	-211
3216 0.12  0.226 2
	3124
	-211
3216 0.12  0.1155 2
	111
	3114
3216 0.12  0.1155 2
	-211
	3214
3216 0.12  0.0437 2
	111
	3112
3216 0.12  0.0437 2
	-211
	3212
-3116 0.12  0.422 2
	311
	-2212
-3116 0.12  0.1928 2
	-3122
	-211
-3116 0.12  0.226 2
	-3124
	-211
-3116 0.12  0.1155 2
	111
	-3224
-3116 0.12  0.1155 2
	-211
	-3214
-3116 0.12  0.0437 2
	111
	-3222
-3116 0.12  0.0437 2
	-211
	-3212
-3226 0.12  0.422 2
	311
	-2112
-3226 0.12  0.422 2
	321
	-2212
-3226 0.12  0.1928 2
	-3122
	111
-3226 0.12  0.226 2
	-3124
	111
-3226 0.12  0.1155 2
	-211
	-3114
-3226 0.12  0.1155 2
	211
	-3224
-3226 0.12  0.0437 2
	-211
	-3112
-3226 0.12  0.0437 2
	211
	-3222
-3216 0.12  0.422 2
	321
	-2112
-3216 0.12  0.1928 2
	-3122
	211
-3216 0.12  0.226 2
	-3124
	211
-3216 0.12  0.1155 2
	111
	-3114
-3216 0.12  0.1155 2
	211
	-3214
-3216 0.12  0.0437 2
	111
	-3112
-3216 0.12  0.0437 2
	211
	-3212
8116 0.09  0.4 2
	-311
	2212
8116 0.09  0.05 2
	3122
	211
8116 0.09  0 2
	111
	3224
8116 0.09  0 2
	211
	3214
8116 0.09  0.05 2
	111
	3222
8116 0.09  0.05 2
	211
	3212
8116 0.09  0.5 2
	221
	3222
8117 0.09  0.4 2
	-311
	2112
8117 0.09  0.4 2
	-321
	2212
8117 0.09  0.05 2
	3122
	111
8117 0.09  0 2
	211
	3114
8117 0.09  0 2
	-211
	3224
8117 0.09  0.05 2
	211
	3112
8117 0.09  0.05 2
	-211
	3222
8117 0.09  0.5 2
	221
	3212
8118 0.09  0.4 2
	-321
	2112
8118 0.09  0.05 2
	3122
	-211
8118 0.09  0 2
	111
	3114
8118 0.09  0 2
	-211
	3214
8118 0.09  0.05 2
	111
	3112
8118 0.09  0.05 2
	-211
	3212
8118 0.09  0.5 2
	221
	3112
-8116 0.09  0.4 2
	311
	-2212
-8116 0.09  0.05 2
	-3122
	-211
-8116 0.09  0 2
	111
	-3224
-8116 0.09  0 2
	-211
	-3214
-8116 0.09  0.05 2
	111
	-3222
-8116 0.09  0.05 2
	-211
	-3212
-8116 0.09  0.5 2
	221
	-3222
-8117 0.09  0.4 2
	311
	-2112
-8117 0.09  0.4 2
	321
	-2212
-8117 0.09  0.05 2
	-3122
	111
-8117 0.09  0 2
	-211
	-3114
-8117 0.09  0 2
	211
	-3224
-8117 0.09  0.05 2
	-211
	-3112
-8117 0.09  0.05 2
	211
	-3222
-8117 0.09  0.5 2
	221
	-3212
-8118 0.09  0.4 2
	321
	-2112
-8118 0.09  0.05 2
	-3122
	211
-8118 0.09  0 2
	111
	-3114
-8118 0.09  0 2
	211
	-3214
-8118 0.09  0.05 2
	111
	-3112
-8118 0.09  0.05 2
	211
	-3212
-8118 0.09  0.5 2
	221
	-3112
31214 0.15  0.15 2
	211
	2112
31214 0.15  0.15 2
	111
	2212
31214 0.15  0.04 2
	2212
	221
31214 0.15  0.08 2
	3122
	321
31214 0.15  0.73 2
	213
	2112
31214 0.15  0.73 2
	113
	2212
32124 0.15  0.15 2
	-211
	2212
32124 0.15  0.15 2
	111
	2112
32124 0.15  0.04 2
	2112
	221
32124 0.15  0.08 2
	3122
	311
32124 0.15  0.73 2
	-213
	2212
32124 0.15  0.73 2
	113
	2112
-31214 0.15  0.15 2
	-211
	-2112
-31214 0.15  0.15 2
	111
	-2212
-31214 0.15  0.04 2
	-2212
	221
-31214 0.15  0.08 2
	-3122
	-321
-31214 0.15  0.73 2
	-213
	-2112
-31214 0.15  0.73 2
	113
	-2212
-32124 0.15  0.15 2
	211
	-2212
-32124 0.15  0.15 2
	111
	-2112
-32124 0.15  0.04 2
	-2112
	221
-32124 0.15  0.08 2
	-3122
	-311
-32124 0.15  0.73 2
	213
	-2212
-32124 0.15  0.73 2
	113
	-2112
10331 0.125  0.3333 2
	321
	-321
10331 0.125  0.3333 2
	311
	-311
10331 0.125  0.3333 2
	221
	221
10331 0.125  0.3333 2
	211
	-211
10331 0.125  0.3333 2
	111
	111
42112 0.1  0.15 2
	211
	2112
42112 0.1  0.15 2
	111
	2212
42112 0.1  0.06 2
	2212
	221
42112 0.1  0.15 2
	3122
	321
42112 0.1  0.225 2
	2224
	-211
42112 0.1  0.225 2
	2214
	111
42112 0.1  0.225 2
	2114
	211
42112 0.1  0.15 2
	213
	2112
42112 0.1  0.15 2
	113
	2212
42112 0.1  0.0442 3
	2212
	111
	111
42112 0.1  0.1325 3
	2212
	-211
	211
42112 0.1  0.0883 3
	2112
	111
	211
42212 0.1  0.15 2
	-211
	2212
42212 0.1  0.15 2
	111
	2112
42212 0.1  0.06 2
	2112
	221
42212 0.1  0.15 2
	3122
	311
42212 0.1  0.225 2
	1114
	211
42212 0.1  0.225 2
	2114
	111
42212 0.1  0.225 2
	2214
	-211
42212 0.1  0.15 2
	-213
	2212
42212 0.1  0.15 2
	113
	2112
42212 0.1  0.0442 3
	2112
	111
	111
42212 0.1  0.1325 3
	2112
	-211
	211
42212 0.1  0.0883 3
	2212
	-211
	111
-42112 0.1  0.15 2
	-211
	-2112
-42112 0.1  0.15 2
	111
	-2212
-42112 0.1  0.06 2
	-2212
	221
-42112 0.1  0.15 2
	-3122
	-321
-42112 0.1  0.225 2
	-2224
	211
-42112 0.1  0.225 2
	-2214
	111
-42112 0.1  0.225 2
	-2114
	-211
-42112 0.1  0.15 2
	-213
	-2112
-42112 0.1  0.15 2
	113
	-2212
-42112 0.1  0.0442 3
	-2212
	111
	111
-42112 0.1  0.1325 3
	-2212
	211
	-211
-42112 0.1  0.0883 3
	-2112
	111
	-211
-42212 0.1  0.15 2
	211
	-2212
-42212 0.1  0.15 2
	111
	-2112
-42212 0.1  0.06 2
	-2112
	221
-42212 0.1  0.15 2
	-3122
	-311
-42212 0.1  0.225 2
	-1114
	-211
-42212 0.1  0.225 2
	-2114
	111
-42212 0.1  0.225 2
	-2214
	211
-42212 0.1  0.15 2
	213
	-2212
-42212 0.1  0.15 2
	113
	-2112
-42212 0.1  0.0442 3
	-2112
	111
	111
-42212 0.1  0.1325 3
	-2112
	211
	-211
-42212 0.1  0.0883 3
	-2212
	211
	111
11114 0.3  0.15 2
	2212
	211
11114 0.3  0.45 2
	2214
	211
11114 0.3  0.45 2
	2224
	111
11114 0.3  0.4 2
	2212
	213
12114 0.3  0.45 2
	2224
	-211
12114 0.3  0.45 2
	2114
	211
12114 0.3  0.45 2
	2214
	111
12114 0.3  0.15 2
	2112
	211
12114 0.3  0.15 2
	2212
	111
12114 0.3  0.4 2
	2112
	213
12114 0.3  0.4 2
	2212
	113
12214 0.3  0.45 2
	2214
	-211
12214 0.3  0.45 2
	1114
	211
12214 0.3  0.45 2
	2114
	111
12214 0.3  0.15 2
	2212
	-211
12214 0.3  0.15 2
	2112
	111
12214 0.3  0.4 2
	2212
	-213
12214 0.3  0.4 2
	2112
	113
12224 0.3  0.45 2
	2114
	-211
12224 0.3  0.45 2
	1114
	111
12224 0.3  0.15 2
	2112
	-211
12224 0.3  0.4 2
	2112
	-213
-11114 0.3  0.15 2
	-2212
	-211
-11114 0.3  0.45 2
	-2214
	-211
-11114 0.3  0.45 2
	-2224
	111
-11114 0.3  0.4 2
	-2212
	-213
-12114 0.3  0.45 2
	-2224
	211
-12114 0.3  0.45 2
	-2114
	-211
-12114 0.3  0.45 2
	-2214
	111
-12114 0.3  0.15 2
	-2112
	-211
-12114 0.3  0.15 2
	-2212
	111
-12114 0.3  0.4 2
	-2112
	-213
-12114 0.3  0.4 2
	-2212
	113
-12214 0.3  0.45 2
	-2214
	211
-12214 0.3  0.45 2
	-1114
	-211
-12214 0.3  0.45 2
	-2114
	111
-12214 0.3  0.15 2
	-2212
	211
-12214 0.3  0.15 2
	-2112
	111
-12214 0.3  0.4 2
	-2212
	213
-12214 0.3  0.4 2
	-2112
	113
-12224 0.3  0.45 2
	-2114
	211
-12224 0.3  0.45 2
	-1114
	111
-12224 0.3  0.15 2
	-2112
	211
-12224 0.3  0.4 2
	-2112
	213
21214 0.1  0.1 2
	211
	2112
21214 0.1  0.1 2
	111
	2212
21214 0.1  0.5 2
	2224
	-211
21214 0.1  0.5 2
	2214
	111
21214 0.1  0.5 2
	2114
	211
21214 0.1  0.1 2
	213
	2112
21214 0.1  0.1 2
	113
	2212
21214 0.1  0.05 3
	2212
	111
	111
21214 0.1  0.15 3
	2212
	-211
	211
21214 0.1  0.1 3
	2112
	111
	211
22124 0.1  0.1 2
	-211
	2212
22124 0.1  0.1 2
	111
	2112
22124 0.1  0.5 2
	1114
	211
22124 0.1  0.5 2
	2114
	111
22124 0.1  0.5 2
	2214
	-211
22124 0.1  0.1 2
	-213
	2212
22124 0.1  0.1 2
	113
	2112
22124 0.1  0.05 3
	2112
	111
	111
22124 0.1  0.15 3
	2112
	-211
	211
22124 0.1  0.1 3
	2212
	-211
	111
-21214 0.1  0.1 2
	-211
	-2112
-21214 0.1  0.1 2
	111
	-2212
-21214 0.1  0.5 2
	-2224
	211
-21214 0.1  0.5 2
	-2214
	111
-21214 0.1  0.5 2
	-2114
	-211
-21214 0.1  0.1 2
	-213
	-2112
-21214 0.1  0.1 2
	113
	-2212
-21214 0.1  0.05 3
	-2212
	111
	111
-21214 0.1  0.15 3
	-2212
	211
	-211
-21214 0.1  0.1 3
	-2112
	111
	-211
-22124 0.1  0.1 2
	211
	-2212
-22124 0.1  0.1 2
	111
	-2112
-22124 0.1  0.5 2
	-1114
	-211
-22124 0.1  0.5 2
	-2114
	111
-22124 0.1  0.5 2
	-2214
	211
-22124 0.1  0.1 2
	213
	-2212
-22124 0.1  0.1 2
	113
	-2112
-22124 0.1  0.05 3
	-2112
	111
	111
-22124 0.1  0.15 3
	-2112
	211
	-211
-22124 0.1  0.1 3
	-2212
	211
	111
30213 0.24  0.6667 3
	213
	-211
	211
30213 0.24  0.3333 3
	213
	111
	111
-30213 0.24  0.6667 3
	-213
	211
	-211
-30213 0.24  0.3333 3
	-213
	111
	111
30113 0.24  0.6667 3
	113
	211
	-211
30113 0.24  0.3333 3
	113
	111
	111
67718 0.029  0.334 2
	-311
	3122
67718 0.029  0.333 2
	-321
	3222
67718 0.029  0.333 2
	-311
	3212
67718 0.029  0.333 2
	211
	3312
67718 0.029  0.333 2
	111
	3322
-67719 0.029  0.334 2
	-321
	3122
-67719 0.029  0.333 2
	-311
	3112
-67719 0.029  0.333 2
	-321
	3212
-67719 0.029  0.333 2
	-211
	3322
-67719 0.029  0.333 2
	111
	3312
67719 0.029  0.334 2
	321
	-3122
67719 0.029  0.333 2
	311
	-3112
67719 0.029  0.333 2
	321
	-3212
67719 0.029  0.333 2
	211
	-3322
67719 0.029  0.333 2
	111
	-3312
-67718 0.029  0.334 2
	311
	-3122
-67718 0.029  0.333 2
	321
	-3222
-67718 0.029  0.333 2
	311
	-3212
-67718 0.029  0.333 2
	-211
	-3312
-67718 0.029  0.333 2
	111
	-3322
13124 0.06  0.25 2
	2212
	-321
13124 0.06  0.25 2
	2112
	-311
13124 0.06  0.3 2
	3222
	-211
13124 0.06  0.3 2
	3212
	111
13124 0.06  0.3 2
	3112
	211
13124 0.06  0.0833 3
	3122
	111
	111
13124 0.06  0.1667 3
	3122
	211
	-211
13124 0.06  0.0333 3
	3212
	111
	111
13124 0.06  0.0333 3
	3212
	211
	-211
13124 0.06  0.0667 3
	3112
	211
	111
13124 0.06  0.0667 3
	3222
	-211
	111
-13124 0.06  0.25 2
	-2212
	321
-13124 0.06  0.25 2
	-2112
	311
-13124 0.06  0.3 2
	-3222
	211
-13124 0.06  0.3 2
	-3212
	111
-13124 0.06  0.3 2
	-3112
	-211
-13124 0.06  0.0833 3
	-3122
	111
	111
-13124 0.06  0.1667 3
	-3122
	211
	-211
-13124 0.06  0.0333 3
	-3212
	111
	111
-13124 0.06  0.0333 3
	-3212
	211
	-211
-13124 0.06  0.0667 3
	-3112
	-211
	111
-13124 0.06  0.0667 3
	-3222
	211
	111
217 0.161  0.71 3
	9000221
	211
	111
217 0.161  0.29 2
	211
	111
-217 0.161  0.71 3
	9000221
	-211
	111
-217 0.161  0.29 2
	-211
	111
117 0.161  0.71 3
	9000221
	111
	111
117 0.161  0.29 2
	111
	111
-30313 0.322  0.4 2
	211
	311
-30313 0.322  0.4 2
	111
	321
-30313 0.322  0.3 2
	213
	311
-30313 0.322  0.3 2
	113
	321
-30313 0.322  0.3 2
	211
	313
-30313 0.322  0.3 2
	111
	323
30313 0.322  0.4 2
	-211
	321
30313 0.322  0.4 2
	111
	311
30313 0.322  0.3 2
	-213
	321
30313 0.322  0.3 2
	113
	311
30313 0.322  0.3 2
	-211
	323
30313 0.322  0.3 2
	111
	313
-30323 0.322  0.4 2
	-211
	-311
-30323 0.322  0.4 2
	111
	-321
-30323 0.322  0.3 2
	-213
	-311
-30323 0.322  0.3 2
	113
	-321
-30323 0.322  0.3 2
	-211
	-313
-30323 0.322  0.3 2
	111
	-323
30323 0.322  0.4 2
	211
	-321
30323 0.322  0.4 2
	111
	-311
30323 0.322  0.3 2
	213
	-321
30323 0.322  0.3 2
	113
	-311
30323 0.322  0.3 2
	211
	-323
30323 0.322  0.3 2
	111
	-313
12116 0.13  0.68 2
	211
	2112
12116 0.13  0.68 2
	111
	2212
12116 0.13  0.1 2
	2224
	-211
12116 0.13  0.1 2
	2214
	111
12116 0.13  0.1 2
	2114
	211
12116 0.13  0.1 2
	213
	2112
12116 0.13  0.1 2
	113
	2212
12116 0.13  0.12 2
	9000221
	2212
12216 0.13  0.68 2
	-211
	2212
12216 0.13  0.68 2
	111
	2112
12216 0.13  0.1 2
	1114
	211
12216 0.13  0.1 2
	2114
	111
12216 0.13  0.1 2
	2214
	-211
12216 0.13  0.1 2
	-213
	2212
12216 0.13  0.1 2
	113
	2112
12216 0.13  0.12 2
	9000221
	2112
-12116 0.13  0.68 2
	-211
	-2112
-12116 0.13  0.68 2
	111
	-2212
-12116 0.13  0.1 2
	-2224
	211
-12116 0.13  0.1 2
	-2214
	111
-12116 0.13  0.1 2
	-2114
	-211
-12116 0.13  0.1 2
	-213
	-2112
-12116 0.13  0.1 2
	113
	-2212
-12116 0.13  0.12 2
	9000221
	-2212
-12216 0.13  0.68 2
	211
	-2212
-12216 0.13  0.68 2
	111
	-2112
-12216 0.13  0.1 2
	-1114
	-211
-12216 0.13  0.1 2
	-2114
	111
-12216 0.13  0.1 2
	-2214
	211
-12216 0.13  0.1 2
	213
	-2212
-12216 0.13  0.1 2
	113
	-2112
-12216 0.13  0.12 2
	9000221
	-2112
100333 0.15  0.25 2
	321
	-323
100333 0.15  0.25 2
	-321
	323
100333 0.15  0.25 2
	311
	-313
100333 0.15  0.25 2
	-311
	313
2116 0.15  0.44 2
	211
	2112
2116 0.15  0.44 2
	111
	2212
2116 0.15  0.01 2
	2212
	221
2116 0.15  0.5 2
	2224
	-211
2116 0.15  0.5 2
	2214
	111
2116 0.15  0.5 2
	2114
	211
2116 0.15  0.05 2
	213
	2112
2116 0.15  0.05 2
	113
	2212
2216 0.15  0.44 2
	-211
	2212
2216 0.15  0.44 2
	111
	2112
2216 0.15  0.01 2
	2112
	221
2216 0.15  0.5 2
	1114
	211
2216 0.15  0.5 2
	2114
	111
2216 0.15  0.5 2
	2214
	-211
2216 0.15  0.05 2
	-213
	2212
2216 0.15  0.05 2
	113
	2112
-2116 0.15  0.44 2
	-211
	-2112
-2116 0.15  0.44 2
	111
	-2212
-2116 0.15  0.01 2
	-2212
	221
-2116 0.15  0.5 2
	-2224
	211
-2116 0.15  0.5 2
	-2214
	111
-2116 0.15  0.5 2
	-2114
	-211
-2116 0.15  0.05 2
	-213
	-2112
-2116 0.15  0.05 2
	113
	-2212
-2216 0.15  0.44 2
	211
	-2212
-2216 0.15  0.44 2
	111
	-2112
-2216 0.15  0.01 2
	-2112
	221
-2216 0.15  0.5 2
	-1114
	-211
-2216 0.15  0.5 2
	-2114
	111
-2216 0.15  0.5 2
	-2214
	211
-2216 0.15  0.05 2
	213
	-2212
-2216 0.15  0.05 2
	113
	-2112
10215 0.259  0.562 2
	225
	211
10215 0.259  0.31 2
	213
	111
10215 0.259  0.31 2
	113
	211
10215 0.259  0.086 2
	10221
	211
10215 0.259  0.021 2
	321
	-313
10215 0.259  0.021 2
	323
	-311
-10215 0.259  0.562 2
	225
	-211
-10215 0.259  0.31 2
	-213
	111
-10215 0.259  0.31 2
	113
	-211
-10215 0.259  0.086 2
	10221
	-211
-10215 0.259  0.021 2
	-321
	313
-10215 0.259  0.021 2
	-323
	311
10115 0.259  0.562 2
	225
	111
10115 0.259  0.31 2
	213
	-211
10115 0.259  0.31 2
	-213
	211
10115 0.259  0.086 2
	10221
	111
10115 0.259  0.0105 2
	321
	-323
10115 0.259  0.0105 2
	-321
	323
10115 0.259  0.0105 2
	311
	-313
10115 0.259  0.0105 2
	-311
	313
33122 0.035  0.25 2
	2212
	-321
33122 0.035  0.25 2
	2112
	-311
33122 0.035  0.45 2
	3222
	-211
33122 0.035  0.45 2
	3212
	111
33122 0.035  0.45 2
	3112
	211
33122 0.035  0.3 2
	3122
	221
-33122 0.035  0.25 2
	-2212
	321
-33122 0.035  0.25 2
	-2112
	311
-33122 0.035  0.45 2
	-3222
	211
-33122 0.035  0.45 2
	-3212
	111
-33122 0.035  0.45 2
	-3112
	-211
-33122 0.035  0.3 2
	-3122
	221
13114 0.06  0.15 2
	2212
	-311
13114 0.06  0.15 2
	3122
	211
13114 0.06  0.7 2
	3222
	111
13114 0.06  0.7 2
	3212
	211
13214 0.06  0.15 2
	2112
	-321
13214 0.06  0.15 2
	3122
	-211
13214 0.06  0.7 2
	3112
	111
13214 0.06  0.7 2
	3212
	-211
13224 0.06  0.15 2
	2212
	-321
13224 0.06  0.15 2
	2112
	-311
13224 0.06  0.15 2
	3122
	111
13224 0.06  0.7 2
	3222
	-211
13224 0.06  0.7 2
	3112
	211
-13114 0.06  0.15 2
	-2212
	311
-13114 0.06  0.15 2
	-3122
	-211
-13114 0.06  0.7 2
	-3222
	111
-13114 0.06  0.7 2
	-3212
	-211
-13214 0.06  0.15 2
	-2112
	321
-13214 0.06  0.15 2
	-3122
	211
-13214 0.06  0.7 2
	-3112
	111
-13214 0.06  0.7 2
	-3212
	211
-13224 0.06  0.15 2
	-2212
	321
-13224 0.06  0.15 2
	-2112
	311
-13224 0.06  0.15 2
	-3122
	111
-13224 0.06  0.7 2
	-3222
	211
-13224 0.06  0.7 2
	-3112
	-211
13112 0.1  0.3333 2
	2212
	-311
13112 0.1  0.3333 2
	3122
	211
13112 0.1  0.3333 2
	3222
	111
13112 0.1  0.3333 2
	3212
	211
13212 0.1  0.3333 2
	2112
	-321
13212 0.1  0.3333 2
	3122
	-211
13212 0.1  0.3333 2
	3112
	111
13212 0.1  0.3333 2
	3212
	-211
13222 0.1  0.3333 2
	2212
	-321
13222 0.1  0.3333 2
	2112
	-311
13222 0.1  0.3333 2
	3122
	111
13222 0.1  0.3333 2
	3222
	-211
13222 0.1  0.3333 2
	3112
	211
-13112 0.1  0.3333 2
	-2212
	311
-13112 0.1  0.3333 2
	-3122
	-211
-13112 0.1  0.3333 2
	-3222
	111
-13112 0.1  0.3333 2
	-3212
	-211
-13212 0.1  0.3333 2
	-2112
	321
-13212 0.1  0.3333 2
	-3122
	211
-13212 0.1  0.3333 2
	-3112
	111
-13212 0.1  0.3333 2
	-3212
	211
-13222 0.1  0.3333 2
	-2212
	321
-13222 0.1  0.3333 2
	-2112
	311
-13222 0.1  0.3333 2
	-3122
	111
-13222 0.1  0.3333 2
	-3222
	211
-13222 0.1  0.3333 2
	-3112
	-211
32112 0.15  0.83 2
	211
	2112
32112 0.15  0.83 2
	111
	2212
32112 0.15  0.01 2
	2212
	221
32112 0.15  0.07 2
	3122
	321
32112 0.15  0.034 2
	2224
	-211
32112 0.15  0.034 2
	2214
	111
32112 0.15  0.034 2
	2114
	211
32112 0.15  0.017 2
	211
	12112
32112 0.15  0.017 2
	111
	12212
32112 0.15  0.04 2
	2212
	9000221
32212 0.15  0.83 2
	-211
	2212
32212 0.15  0.83 2
	111
	2112
32212 0.15  0.01 2
	2112
	221
32212 0.15  0.07 2
	3122
	311
32212 0.15  0.034 2
	1114
	211
32212 0.15  0.034 2
	2114
	111
32212 0.15  0.034 2
	2214
	-211
32212 0.15  0.017 2
	-211
	12212
32212 0.15  0.017 2
	111
	12112
32212 0.15  0.04 2
	2112
	9000221
-32112 0.15  0.83 2
	-211
	-2112
-32112 0.15  0.83 2
	111
	-2212
-32112 0.15  0.01 2
	-2212
	221
-32112 0.15  0.07 2
	-3122
	-321
-32112 0.15  0.034 2
	-2224
	211
-32112 0.15  0.034 2
	-2214
	111
-32112 0.15  0.034 2
	-2114
	-211
-32112 0.15  0.017 2
	-211
	-12112
-32112 0.15  0.017 2
	111
	-12212
-32112 0.15  0.04 2
	-2212
	9000221
-32212 0.15  0.83 2
	211
	-2212
-32212 0.15  0.83 2
	111
	-2112
-32212 0.15  0.01 2
	-2112
	221
-32212 0.15  0.07 2
	-3122
	-311
-32212 0.15  0.034 2
	-1114
	-211
-32212 0.15  0.034 2
	-2114
	111
-32212 0.15  0.034 2
	-2214
	211
-32212 0.15  0.017 2
	211
	-12212
-32212 0.15  0.017 2
	111
	-12112
-32212 0.15  0.04 2
	-2112
	9000221
3334 8.017e-15  0.68 2
	3122
	-321
3334 8.017e-15  0.24 2
	3322
	-211
3334 8.017e-15  0.08 2
	3312
	111
-3334 8.017e-15  0.68 2
	-3122
	321
-3334 8.017e-15  0.24 2
	-3322
	211
-3334 8.017e-15  0.08 2
	-3312
	111
227 0.168  0.5 2
	213
	-211
227 0.168  0.5 2
	-213
	211
227 0.168  0.5 2
	113
	111
227 0.168  0.3333 3
	223
	-211
	211
227 0.168  0.1667 3
	223
	111
	111
30223 0.22  0.5 2
	213
	-211
30223 0.22  0.5 2
	-213
	211
30223 0.22  0.5 2
	113
	111
30223 0.22  0.3333 3
	223
	-211
	211
30223 0.22  0.1667 3
	223
	111
	111
45553 0.03  1 2
	3322
	111
45553 0.03  1 2
	3312
	211
46653 0.03  1 2
	3312
	111
46653 0.03  1 2
	3322
	-211
-45553 0.03  1 2
	-3322
	111
-45553 0.03  1 2
	-3312
	-211
-46653 0.03  1 2
	-3312
	111
-46653 0.03  1 2
	-3322
	211
1112 0.15  0.45 2
	2224
	111
1112 0.15  0.45 2
	2214
	211
1112 0.15  0.25 2
	211
	2212
1112 0.15  0.25 2
	213
	2212
1112 0.15  0.05 2
	211
	12212
1212 0.15  0.45 2
	2224
	-211
1212 0.15  0.45 2
	2214
	111
1212 0.15  0.45 2
	2114
	211
1212 0.15  0.25 2
	211
	2112
1212 0.15  0.25 2
	111
	2212
1212 0.15  0.25 2
	213
	2112
1212 0.15  0.25 2
	113
	2212
1212 0.15  0.05 2
	211
	12112
1212 0.15  0.05 2
	111
	12212
2122 0.15  0.45 2
	2214
	-211
2122 0.15  0.45 2
	2114
	111
2122 0.15  0.45 2
	1114
	211
2122 0.15  0.25 2
	111
	2112
2122 0.15  0.25 2
	-211
	2212
2122 0.15  0.25 2
	113
	2112
2122 0.15  0.25 2
	-213
	2212
2122 0.15  0.05 2
	111
	12112
2122 0.15  0.05 2
	-211
	12212
2222 0.15  0.45 2
	2114
	-211
2222 0.15  0.45 2
	1114
	111
2222 0.15  0.25 2
	-211
	2112
2222 0.15  0.25 2
	-213
	2112
2222 0.15  0.05 2
	-211
	12112
-1212 0.15  0.45 2
	-2224
	211
-1212 0.15  0.45 2
	-2214
	111
-1212 0.15  0.45 2
	-2114
	-211
-1212 0.15  0.25 2
	-211
	-2112
-1212 0.15  0.25 2
	111
	-2212
-1212 0.15  0.25 2
	-213
	-2112
-1212 0.15  0.25 2
	113
	-2212
-1212 0.15  0.05 2
	-211
	-12112
-1212 0.15  0.05 2
	111
	-12212
-1112 0.15  0.45 2
	-2224
	111
-1112 0.15  0.45 2
	-2214
	-211
-1112 0.15  0.25 2
	-211
	-2212
-1112 0.15  0.25 2
	-213
	-2212
-1112 0.15  0.05 2
	-211
	-12212
-2122 0.15  0.45 2
	-2214
	211
-2122 0.15  0.45 2
	-2114
	111
-2122 0.15  0.45 2
	-1114
	-211
-2122 0.15  0.25 2
	111
	-2112
-2122 0.15  0.25 2
	211
	-2212
-2122 0.15  0.25 2
	113
	-2112
-2122 0.15  0.25 2
	213
	-2212
-2122 0.15  0.05 2
	111
	-12112
-2122 0.15  0.05 2
	211
	-12212
-2222 0.15  0.45 2
	-2114
	211
-2222 0.15  0.45 2
	-1114
	111
-2222 0.15  0.25 2
	211
	-2112
-2222 0.15  0.25 2
	213
	-2112
-2222 0.15  0.05 2
	211
	-12112
31114 0.35  0.55 2
	2224
	111
31114 0.35  0.55 2
	2214
	211
31114 0.35  0.17 2
	211
	2212
31114 0.35  0.055 2
	213
	2212
31114 0.35  0.225 2
	211
	12212
32114 0.35  0.55 2
	2224
	-211
32114 0.35  0.55 2
	2214
	111
32114 0.35  0.55 2
	2114
	211
32114 0.35  0.17 2
	211
	2112
32114 0.35  0.17 2
	111
	2212
32114 0.35  0.055 2
	213
	2112
32114 0.35  0.055 2
	113
	2212
32114 0.35  0.225 2
	211
	12112
32114 0.35  0.225 2
	111
	12212
32214 0.35  0.55 2
	2214
	-211
32214 0.35  0.55 2
	2114
	111
32214 0.35  0.55 2
	1114
	211
32214 0.35  0.17 2
	111
	2112
32214 0.35  0.17 2
	-211
	2212
32214 0.35  0.055 2
	113
	2112
32214 0.35  0.055 2
	-213
	2212
32214 0.35  0.225 2
	111
	12112
32214 0.35  0.225 2
	-211
	12212
32224 0.35  0.55 2
	2114
	-211
32224 0.35  0.55 2
	1114
	111
32224 0.35  0.17 2
	-211
	2112
32224 0.35  0.055 2
	-213
	2112
32224 0.35  0.225 2
	-211
	12112
-31114 0.35  0.55 2
	-2224
	111
-31114 0.35  0.55 2
	-2214
	-211
-31114 0.35  0.17 2
	-211
	-2212
-31114 0.35  0.055 2
	-213
	-2212
-31114 0.35  0.225 2
	-211
	-12212
-32114 0.35  0.55 2
	-2224
	211
-32114 0.35  0.55 2
	-2214
	111
-32114 0.35  0.55 2
	-2114
	-211
-32114 0.35  0.17 2
	-211
	-2112
-32114 0.35  0.17 2
	111
	-2212
-32114 0.35  0.055 2
	-213
	-2112
-32114 0.35  0.055 2
	113
	-2212
-32114 0.35  0.225 2
	-211
	-12112
-32114 0.35  0.225 2
	111
	-12212
-32214 0.35  0.55 2
	-2214
	211
-32214 0.35  0.55 2
	-2114
	111
-32214 0.35  0.55 2
	-1114
	-211
-32214 0.35  0.17 2
	111
	-2112
-32214 0.35  0.17 2
	211
	-2212
-32214 0.35  0.055 2
	113
	-2112
-32214 0.35  0.055 2
	213
	-2212
-32214 0.35  0.225 2
	111
	-12112
-32214 0.35  0.225 2
	211
	-12212
-32224 0.35  0.55 2
	-2114
	211
-32224 0.35  0.55 2
	-1114
	111
-32224 0.35  0.17 2
	211
	-2112
-32224 0.35  0.055 2
	213
	-2112
-32224 0.35  0.225 2
	211
	-12112
23122 0.15  0.39 2
	2212
	-321
23122 0.15  0.39 2
	2112
	-311
23122 0.15  0.61 2
	3222
	-211
23122 0.15  0.61 2
	3212
	111
23122 0.15  0.61 2
	3112
	211
-23122 0.15  0.39 2
	-2212
	321
-23122 0.15  0.39 2
	-2112
	311
-23122 0.15  0.61 2
	-3222
	211
-23122 0.15  0.61 2
	-3212
	111
-23122 0.15  0.61 2
	-3112
	-211
22212 0.15  0.48 2
	211
	2112
22212 0.15  0.48 2
	111
	2212
22212 0.15  0.4 2
	2212
	221
22212 0.15  0.04 2
	2224
	-211
22212 0.15  0.04 2
	2214
	111
22212 0.15  0.04 2
	2114
	211
22212 0.15  0.04 2
	211
	12112
22212 0.15  0.04 2
	111
	12212
22212 0.15  0.04 2
	213
	2112
22212 0.15  0.04 2
	113
	2212
22122 0.15  0.48 2
	-211
	2212
22122 0.15  0.48 2
	111
	2112
22122 0.15  0.4 2
	2112
	221
22122 0.15  0.04 2
	1114
	211
22122 0.15  0.04 2
	2114
	111
22122 0.15  0.04 2
	2214
	-211
22122 0.15  0.04 2
	-211
	12212
22122 0.15  0.04 2
	111
	12112
22122 0.15  0.04 2
	-213
	2212
22122 0.15  0.04 2
	113
	2112
-22212 0.15  0.48 2
	-211
	-2112
-22212 0.15  0.48 2
	111
	-2212
-22212 0.15  0.4 2
	-2212
	221
-22212 0.15  0.04 2
	-2224
	211
-22212 0.15  0.04 2
	-2214
	111
-22212 0.15  0.04 2
	-2114
	-211
-22212 0.15  0.04 2
	-211
	-12112
-22212 0.15  0.04 2
	111
	-12212
-22212 0.15  0.04 2
	-213
	-2112
-22212 0.15  0.04 2
	113
	-2212
-22122 0.15  0.48 2
	211
	-2212
-22122 0.15  0.48 2
	111
	-2112
-22122 0.15  0.4 2
	-2112
	221
-22122 0.15  0.04 2
	-1114
	-211
-22122 0.15  0.04 2
	-2114
	111
-22122 0.15  0.04 2
	-2214
	211
-22122 0.15  0.04 2
	211
	-12212
-22122 0.15  0.04 2
	111
	-12112
-22122 0.15  0.04 2
	213
	-2212
-22122 0.15  0.04 2
	113
	-2112
3314 0.0091  1 2
	3322
	111
3314 0.0091  1 2
	3312
	211
3324 0.0099  1 2
	3312
	111
3324 0.0099  1 2
	3322
	-211
-3314 0.0091  1 2
	-3322
	111
-3314 0.0091  1 2
	-3312
	-211
-3324 0.0099  1 2
	-3312
	111
-3324 0.0099  1 2
	-3322
	211
335 0.076  0.888 2
	321
	-321
335 0.076  0.888 2
	311
	-311
335 0.076  0.103 2
	221
	221
335 0.076  0.009 2
	211
	-211
335 0.076  0.009 2
	111
	111
2124 0.12  0.55 2
	211
	2112
2124 0.12  0.55 2
	111
	2212
2124 0.12  0.2 2
	213
	2112
2124 0.12  0.2 2
	113
	2212
2124 0.12  0.25 2
	2224
	-211
2124 0.12  0.25 2
	2214
	111
2124 0.12  0.25 2
	2114
	211
1214 0.12  0.55 2
	-211
	2212
1214 0.12  0.55 2
	111
	2112
1214 0.12  0.2 2
	-213
	2212
1214 0.12  0.2 2
	113
	2112
1214 0.12  0.25 2
	1114
	211
1214 0.12  0.25 2
	2114
	111
1214 0.12  0.25 2
	2214
	-211
-2124 0.12  0.55 2
	-211
	-2112
-2124 0.12  0.55 2
	111
	-2212
-2124 0.12  0.2 2
	-213
	-2112
-2124 0.12  0.2 2
	113
	-2212
-2124 0.12  0.25 2
	-2224
	211
-2124 0.12  0.25 2
	-2214
	111
-2124 0.12  0.25 2
	-2114
	-211
-1214 0.12  0.55 2
	211
	-2212
-1214 0.12  0.55 2
	111
	-2112
-1214 0.12  0.2 2
	213
	-2212
-1214 0.12  0.2 2
	113
	-2112
-1214 0.12  0.25 2
	-1114
	-211
-1214 0.12  0.25 2
	-2114
	111
-1214 0.12  0.25 2
	-2214
	211
3124 0.0156  0.465 2
	2212
	-321
3124 0.0156  0.465 2
	2112
	-311
3124 0.0156  0.425 2
	3222
	-211
3124 0.0156  0.425 2
	3212
	111
3124 0.0156  0.425 2
	3112
	211
3124 0.0156  0.01 2
	3122
	22
3124 0.0156  0.0333 3
	3122
	111
	111
3124 0.0156  0.0667 3
	3122
	211
	-211
-3124 0.0156  0.465 2
	-2212
	321
-3124 0.0156  0.465 2
	-2112
	311
-3124 0.0156  0.425 2
	-3222
	211
-3124 0.0156  0.425 2
	-3212
	111
-3124 0.0156  0.425 2
	-3112
	-211
-3124 0.0156  0.01 2
	-3122
	22
-3124 0.0156  0.0333 3
	-3122
	111
	111
-3124 0.0156  0.0667 3
	-3122
	-211
	211
9000223 0.112  0.25 2
	221
	331
9000223 0.112  0.25 2
	221
	221
9000223 0.112  0.25 2
	211
	-211
9000223 0.112  0.25 2
	111
	111
9000223 0.112  0.25 2
	321
	-321
9000223 0.112  0.25 2
	311
	-311
100213 0.31  1 2
	211
	111
-100213 0.31  1 2
	-211
	111
100113 0.31  1 2
	211
	-211
10211 0.265  0.3333 2
	211
	221
10211 0.265  0.3333 2
	211
	331
10211 0.265  0.3333 2
	321
	-311
-10211 0.265  0.3333 2
	-211
	221
-10211 0.265  0.3333 2
	-211
	331
-10211 0.265  0.3333 2
	-321
	311
10111 0.265  0.3333 2
	111
	221
10111 0.265  0.3333 2
	111
	331
10111 0.265  0.3333 2
	321
	-321
10111 0.265  0.3333 2
	311
	-311
12212 0.35  0.7 2
	211
	2112
12212 0.35  0.7 2
	111
	2212
12212 0.35  0.3 2
	2224
	-211
12212 0.35  0.3 2
	2214
	111
12212 0.35  0.3 2
	2114
	211
12112 0.35  0.7 2
	-211
	2212
12112 0.35  0.7 2
	111
	2112
12112 0.35  0.3 2
	1114
	211
12112 0.35  0.3 2
	2114
	111
12112 0.35  0.3 2
	2214
	-211
-12212 0.35  0.7 2
	-211
	-2112
-12212 0.35  0.7 2
	111
	-2212
-12212 0.35  0.3 2
	-2224
	211
-12212 0.35  0.3 2
	-2214
	111
-12212 0.35  0.3 2
	-2114
	-211
-12112 0.35  0.7 2
	211
	-2212
-12112 0.35  0.7 2
	111
	-2112
-12112 0.35  0.3 2
	-1114
	-211
-12112 0.35  0.3 2
	-2114
	111
-12112 0.35  0.3 2
	-2214
	211
100331 0.065  0.1 2
	321
	-323
100331 0.065  0.1 2
	-321
	323
100331 0.065  0.1 2
	311
	-313
100331 0.065  0.1 2
	-311
	313
100331 0.065  0.2 2
	9000211
	-211
100331 0.065  0.2 2
	-9000211
	211
100331 0.065  0.2 2
	9000111
	111
100331 0.065  0.2 2
	221
	9000221
100331 0.065  0.2 2
	9010221
	221
100331 0.065  0.0333 3
	321
	-321
	111
100331 0.065  0.0333 3
	311
	-311
	111
100331 0.065  0.0667 3
	311
	-321
	211
100331 0.065  0.0667 3
	321
	-311
	-211
10321 0.0985  0.5 2
	211
	311
10321 0.0985  0.5 2
	111
	321
10321 0.0985  0.25 2
	211
	313
10321 0.0985  0.25 2
	111
	323
10321 0.0985  0.09 2
	213
	311
10321 0.0985  0.09 2
	113
	321
10321 0.0985  0.03 2
	223
	321
10321 0.0985  0.067 3
	323
	211
	-211
10321 0.0985  0.0223 3
	323
	111
	111
10321 0.0985  0.0447 3
	313
	211
	111
10311 0.0985  0.5 2
	-211
	321
10311 0.0985  0.5 2
	111
	311
10311 0.0985  0.25 2
	-211
	323
10311 0.0985  0.25 2
	111
	313
10311 0.0985  0.09 2
	-213
	321
10311 0.0985  0.09 2
	113
	311
10311 0.0985  0.03 2
	223
	311
10311 0.0985  0.067 3
	313
	211
	-211
10311 0.0985  0.0447 3
	323
	-211
	111
10311 0.0985  0.0223 3
	313
	111
	111
-10321 0.0985  0.5 2
	-211
	-311
-10321 0.0985  0.5 2
	111
	-321
-10321 0.0985  0.25 2
	-211
	-313
-10321 0.0985  0.25 2
	111
	-323
-10321 0.0985  0.09 2
	-213
	-311
-10321 0.0985  0.09 2
	113
	-321
-10321 0.0985  0.03 2
	223
	-321
-10321 0.0985  0.067 3
	-323
	-211
	211
-10321 0.0985  0.0223 3
	-323
	111
	111
-10321 0.0985  0.0447 3
	-313
	-211
	111
-10311 0.0985  0.5 2
	211
	-321
-10311 0.0985  0.5 2
	111
	-311
-10311 0.0985  0.25 2
	211
	-323
-10311 0.0985  0.25 2
	111
	-313
-10311 0.0985  0.09 2
	213
	-321
-10311 0.0985  0.09 2
	113
	-311
-10311 0.0985  0.03 2
	223
	-311
-10311 0.0985  0.067 3
	-313
	-211
	211
-10311 0.0985  0.0447 3
	-323
	211
	111
-10311 0.0985  0.0223 3
	-313
	111
	111
20333 0.0555  0.25 2
	321
	-323
20333 0.0555  0.25 2
	-321
	323
20333 0.0555  0.25 2
	311
	-313
20333 0.0555  0.25 2
	-311
	313
100223 0.174  0.333 2
	213
	-211
100223 0.174  0.333 2
	-213
	211
100223 0.174  0.333 2
	113
	111
100313 0.294  1 2
	-211
	321
100313 0.294  1 2
	111
	311
-100313 0.294  1 2
	211
	-321
-100313 0.294  1 2
	111
	-311
100323 0.232  0.86 2
	211
	313
100323 0.232  0.86 2
	111
	323
100323 0.232  0.07 2
	211
	311
100323 0.232  0.07 2
	111
	321
100323 0.232  0.07 2
	213
	311
100323 0.232  0.07 2
	113
	321
20313 0.232  0.86 2
	-211
	323
20313 0.232  0.86 2
	111
	313
20313 0.232  0.07 2
	-211
	321
20313 0.232  0.07 2
	111
	311
20313 0.232  0.07 2
	-213
	321
20313 0.232  0.07 2
	113
	311
-100323 0.232  0.86 2
	-211
	-313
-100323 0.232  0.86 2
	111
	-323
-100323 0.232  0.07 2
	-211
	-311
-100323 0.232  0.07 2
	111
	-321
-100323 0.232  0.07 2
	-213
	-311
-100323 0.232  0.07 2
	113
	-321
-20313 0.232  0.86 2
	211
	-323
-20313 0.232  0.86 2
	111
	-313
-20313 0.232  0.07 2
	211
	-321
-20313 0.232  0.07 2
	111
	-311
-20313 0.232  0.07 2
	213
	-321
-20313 0.232  0.07 2
	113
	-311
13122 0.05  1 2
	3222
	-211
13122 0.05  1 2
	3112
	211
13122 0.05  1 2
	3212
	111
-13122 0.05  1 2
	-3222
	211
-13122 0.05  1 2
	-3112
	-211
-13122 0.05  1 2
	-3212
	111
20323 0.174  0.94 2
	211
	313
20323 0.174  0.94 2
	111
	323
20323 0.174  0.03 2
	213
	311
20323 0.174  0.03 2
	113
	321
20323 0.174  0.02 2
	10221
	321
20323 0.174  0.01 2
	223
	321
20313 0.174  0.94 2
	-211
	323
20313 0.174  0.94 2
	111
	313
20313 0.174  0.03 2
	-213
	321
20313 0.174  0.03 2
	113
	311
20313 0.174  0.02 2
	10221
	311
20313 0.174  0.01 2
	223
	311
-20323 0.174  0.94 2
	-211
	-313
-20323 0.174  0.94 2
	111
	-323
-20323 0.174  0.03 2
	-213
	-311
-20323 0.174  0.03 2
	113
	-321
-20323 0.174  0.02 2
	10221
	-321
-20323 0.174  0.01 2
	223
	-321
-20313 0.174  0.94 2
	211
	-323
-20313 0.174  0.94 2
	111
	-313
-20313 0.174  0.03 2
	213
	-321
-20313 0.174  0.03 2
	113
	-311
-20313 0.174  0.02 2
	10221
	-311
-20313 0.174  0.01 2
	223
	-311
3114 0.0394  0.88 2
	3122
	-211
3114 0.0394  0.06 2
	3112
	111
3114 0.0394  0.06 2
	3212
	-211
-3114 0.0394  0.88 2
	-3122
	211
-3114 0.0394  0.06 2
	-3112
	111
-3114 0.0394  0.06 2
	-3212
	211
3214 0.036  0.88 2
	3122
	111
3214 0.036  0.06 2
	3222
	-211
3214 0.036  0.06 2
	3112
	211
-3214 0.036  0.88 2
	-3122
	111
-3214 0.036  0.06 2
	-3222
	211
-3214 0.036  0.06 2
	-3112
	-211
3224 0.0358  0.88 2
	3122
	211
3224 0.0358  0.06 2
	3222
	111
3224 0.0358  0.06 2
	3212
	211
-3224 0.0358  0.88 2
	-3122
	-211
-3224 0.0358  0.06 2
	-3222
	111
-3224 0.0358  0.06 2
	-3212
	-211
10221 0.35  0.25 2
	111
	111
10221 0.35  0.25 2
	113
	113
10221 0.35  0.25 2
	213
	-213
10221 0.35  0.25 2
	211
	-211
10221 0.35  0.25 2
	321
	-321
10221 0.35  0.25 2
	311
	-311
10221 0.35  0.25 2
	221
	221
215 0.107  0.7 2
	213
	111
215 0.107  0.7 2
	113
	211
215 0.107  0.15 2
	221
	211
215 0.107  0.05 2
	321
	-311
215 0.107  0.1 3
	223
	111
	211
215 0.107  0.7 2
	-213
	111
215 0.107  0.7 2
	113
	-211
215 0.107  0.15 2
	221
	-211
215 0.107  0.05 2
	-321
	311
215 0.107  0.1 3
	223
	111
	-211
115 0.107  0.7 2
	213
	-211
115 0.107  0.7 2
	-213
	211
115 0.107  0.15 2
	221
	111
115 0.107  0.025 2
	321
	-321
115 0.107  0.025 2
	311
	-311
115 0.107  0.1 3
	223
	-211
	211
100211 0.4  0.5 2
	213
	111
100211 0.4  0.5 2
	113
	211
100211 0.4  0.5 2
	211
	9000221
-100211 0.4  0.5 2
	-213
	111
-100211 0.4  0.5 2
	113
	-211
-100211 0.4  0.5 2
	-211
	9000221
100111 0.4  0.5 2
	213
	-211
100111 0.4  0.5 2
	-213
	211
100111 0.4  0.5 2
	111
	9000221
100221 0.053  0.25 2
	9000211
	-211
100221 0.053  0.25 2
	-9000211
	211
100221 0.053  0.25 2
	9000111
	111
100221 0.053  0.25 2
	221
	9000221
100221 0.053  0.25 3
	221
	211
	-211
100221 0.053  0.25 3
	221
	111
	111
20223 0.024  0.173 3
	221
	111
	111
20223 0.024  0.347 3
	221
	211
	-211
20223 0.024  0.33 2
	9000221
	9000221
20223 0.024  0.015 3
	311
	-311
	111
20223 0.024  0.03 3
	311
	-321
	211
20223 0.024  0.03 3
	321
	-311
	-211
20223 0.024  0.015 3
	321
	-321
	111
20223 0.024  0.06 2
	113
	22
225 0.185  1 2
	111
	111
225 0.185  1 2
	211
	-211
10323 0.09  0.42 2
	213
	311
10323 0.09  0.42 2
	113
	321
10323 0.09  0.16 2
	211
	313
10323 0.09  0.16 2
	111
	323
10323 0.09  0.11 2
	223
	321
10323 0.09  0.03 2
	321
	10221
10323 0.09  0.14 3
	-211
	211
	321
10323 0.09  0.0933 3
	111
	211
	311
10323 0.09  0.0467 3
	111
	111
	321
10313 0.09  0.42 2
	-213
	321
10313 0.09  0.42 2
	113
	311
10313 0.09  0.16 2
	-211
	323
10313 0.09  0.16 2
	111
	313
10313 0.09  0.11 2
	223
	311
10313 0.09  0.03 2
	311
	10221
10313 0.09  0.14 3
	-211
	211
	311
10313 0.09  0.09333 3
	-211
	111
	321
10313 0.09  0.04667 3
	111
	111
	311
-10323 0.09  0.42 2
	-213
	-311
-10323 0.09  0.42 2
	113
	-321
-10323 0.09  0.16 2
	-211
	-313
-10323 0.09  0.16 2
	111
	-323
-10323 0.09  0.11 2
	223
	-321
-10323 0.09  0.14 3
	211
	-211
	-321
-10323 0.09  0.09333 3
	111
	-211
	-311
-10323 0.09  0.04667 3
	111
	111
	-321
-10323 0.09  0.03 2
	-321
	10221
-10313 0.09  0.42 2
	213
	-321
-10313 0.09  0.42 2
	113
	-311
-10313 0.09  0.16 2
	211
	-323
-10313 0.09  0.16 2
	111
	-313
-10313 0.09  0.11 2
	223
	-311
-10313 0.09  0.14 3
	211
	-211
	-311
-10313 0.09  0.09333 3
	211
	111
	-321
-10313 0.09  0.04667 3
	111
	111
	-311
-10313 0.09  0.03 2
	-311
	10221
3322 2.267e-15  1 2
	3122
	111
-3322 2.267e-15  1 2
	-3122
	111
3312 3.888e-15  1 2
	3122
	-211
-3312 3.888e-15  1 2
	-3122
	211
2224 0.12  1 2
	211
	2212
2214 0.12  1 2
	211
	2112
2214 0.12  1 2
	111
	2212
2114 0.12  1 2
	-211
	2212
2114 0.12  1 2
	111
	2112
1114 0.12  1 2
	-211
	2112
-2224 0.12  1 2
	-211
	-2212
-2214 0.12  1 2
	-211
	-2112
-2214 0.12  1 2
	111
	-2212
-2114 0.12  1 2
	211
	-2212
-2114 0.12  1 2
	111
	-2112
-1114 0.12  1 2
	211
	-2112
20213 0.425  1 2
	213
	111
20213 0.425  1 2
	113
	211
-20213 0.425  1 2
	-213
	111
-20213 0.425  1 2
	113
	-211
20113 0.425  1 2
	213
	-211
20113 0.425  1 2
	-213
	211
10113 0.142  1 2
	223
	211
-10113 0.142  1 2
	223
	-211
10213 0.142  1 2
	223
	111
3112 4.45e-15  1 2
	2112
	-211
-3112 4.45e-15  1 2
	-2112
	211
3212 8.895e-06  1 2
	3122
	22
-3212 8.895e-06  1 2
	-3122
	22
3222 8.209e-15  0.52 2
	2212
	111
3222 8.209e-15  0.48 2
	2112
	211
-3222 8.209e-15  0.52 2
	-2212
	111
-3222 8.209e-15  0.48 2
	-2112
	-211
10223 0.36  1 2
	213
	-211
10223 0.36  1 2
	-213
	211
10223 0.36  1 2
	113
	111
3122 2.5e-15  0.64 2
	2212
	-211
3122 2.5e-15  0.36 2
	2112
	111
-3122 2.5e-15  0.64 2
	-2212
	211
-3122 2.5e-15  0.36 2
	-2112
	111
333 0.004458  0.49 2
	321
	-321
333 0.004458  0.34 2
	311
	-311
333 0.004458  0.08 2
	213
	-211
333 0.004458  0.08 2
	-213
	211
333 0.004458  0.08 2
	113
	111
333 0.004458  0.01 2
	221
	22
333 0.004458  0.08 3
	211
	-211
	111
9000211 0.075  1 2
	221
	211
-9000211 0.075  1 2
	221
	-211
9000111 0.075  1 2
	221
	111
9010221 0.1  1 2
	111
	111
9010221 0.1  1 2
	211
	-211
331 0.000202  0.295 2
	113
	22
331 0.000202  0.0303 2
	223
	22
331 0.000202  0.0212 2
	22
	22
331 0.000202  0.443 3
	211
	-211
	221
331 0.000202  0.209 3
	111
	111
	221
323 0.0508  1 2
	211
	311
323 0.0508  1 2
	111
	321
313 0.0507  1 2
	-211
	321
313 0.0507  1 2
	111
	311
-323 0.0508  1 2
	-211
	-311
-323 0.0508  1 2
	111
	-321
-313 0.0507  1 2
	211
	-321
-313 0.0507  1 2
	111
	-311
223 0.00844  0.087 2
	111
	22
223 0.00844  0.017 2
	211
	-211
223 0.00844  0.891 3
	211
	-211
	111
113 0.1502  1 2
	211
	-211
213 0.1502  1 2
	211
	111
-213 0.1502  1 2
	-211
	111
9000221 0.8  1 2
	111
	111
9000221 0.8  1 2
	211
	-211
221 1.29e-06  0.3943 2
	22
	22
221 1.29e-06  0.3251 3
	111
	111
	111
221 1.29e-06  0.226 3
	211
	-211
	111
221 1.29e-06  0.0468 3
	211
	-211
	22
311 7.335e-16  0.343 2
	211
	-211
311 7.335e-16  0.157 2
	111
	111
-311 7.335e-16  0.343 2
	211
	-211
-311 7.335e-16  0.157 2
	111
	111
